1 393
2 948
3 1282
4 1560
5 1784
6 2119
7 2339
8 2553
9 2776
10 3021
11 3260
12 3526
13 3747
14 3969
15 4215
16 4487
17 4746
18 5003
19 5313
20 5636
21 5975
22 6333
23 6692
24 7089
25 7508
26 7914
27 8294
28 8705
29 9091
30 9515
31 10014
32 10448
33 10917
34 11401
35 11853
36 12370
37 12875
38 13414
39 13957
40 14497
41 15051
42 15662
43 16259
44 16840
45 17494
46 18074
47 18691
48 19432
49 20120
50 20777
51 21461
52 22180
53 22918
54 23684
55 24442
56 25213
57 25924
58 26726
59 27534
60 28365
61 29208
62 30084
63 30973
64 31870
65 32780
66 33727
67 34665
68 35600
69 36479
70 37284
71 38221
72 39202
73 40201
74 41128
75 42144
76 43073
77 44028
78 45047
79 45964
80 46869
81 47802
82 48725
83 49669
84 50610
85 51565
86 52522
87 53507
88 54468
89 55467
90 56465
91 57459
92 58464
93 59491
94 60535
95 61580
96 62638
97 63785
98 64841
99 65905
